STARNR FLUX FLUXERR
1 177944.1954421997 438.8961763067208
2 26836.73776626587 201.95732183290346
3 19074.522344589233 182.55900616879302
4 19694.548919677734 180.75215527527664
5 nan nan
6 2749.277256011963 119.2417158532264
7 10356.77698135376 152.21997185100997
8 37156.51191520691 226.44273420533867
9 13788.897804260254 173.16038463360354
10 10323.83662223816 146.64379603636354
11 30019.758125305176 208.9565215630935
12 1865.0408143997192 103.71466080298636
13 395756.14671325684 641.1757965997981
14 4227.425294876099 125.93321568322193
15 17132.719020843506 176.43065582200202
16 16589.936267852783 175.00669344499175
17 2297.9705142974854 111.16195431567526
18 8470.305770874023 149.45886618897896
19 42213.51583480835 239.06161392745818
20 49556.79346656799 253.30660066434217
21 29189.068437576294 208.93028292000352
22 98219.55779075623 339.0260114339798
23 134364.57709503174 386.3070949391712
24 13966.091152191162 189.25406913464502
25 2908.196457862854 119.15333314652493
26 8467.662673950195 151.7854905080989
27 2258.9776287078857 112.92929734723766
28 9498.757207870483 148.95877434227313
29 3266.0793743133545 120.32349150152143
30 34297.681186676025 219.97253220486775
31 31412.047258377075 211.06874667596873
32 2621.368715286255 115.84310434602452
33 11784.987850189209 155.29313605885687
34 35207.77678871155 223.75006942321724
35 1917.188549041748 103.73727177136205
36 nan nan
37 388099.48988342285 635.3491839219233
38 3483029.5791015625 1870.7843367277528
39 3356.7249393463135 127.77826179486436
40 5256.419017791748 136.0466591511402
41 11981.731010437012 156.68753242872745
42 2579.2903881073 116.31352119468966
43 1611.723476409912 96.55913565987593
44 3947.659719467163 127.601702141246
45 153229.84238815308 410.2869459551939
46 5533.358646392822 125.18380648058383
47 21494.129652023315 190.15892946961824
48 2320.250982284546 106.52290545653482
49 62606.09459686279 277.6987234968849
50 55362.1754989624 265.0677685293838
51 29268.432355880737 211.66497864938714
52 1739159.5392456055 1324.7912390589704
53 7893.563255310059 144.8059679055544
54 50609.365560531616 259.944144103284
55 56138.85555458069 267.1782209531851
56 2794.8132762908936 121.04674850187416
57 1384060.5195922852 1183.4074534955278
58 10235.38184261322 155.23828410048813
59 108398.52103805542 349.4371790713026
60 nan nan
61 61850.16993904114 277.151848662059
62 1609.2781763076782 98.20401924594088
63 95432.18064880371 330.8410363313487
64 9164.638526916504 152.90897202149523
65 145855.5231628418 401.9158346404949
66 21653.095316886902 192.01875887068886
67 158865.23738098145 419.1383173573474
68 36784.796018600464 222.85067051407268
69 5338.426091194153 132.7653476442374
70 13782.029878616333 166.39064201120618
71 5607.7670040130615 128.68975786597025
72 29235.1354637146 207.25065592442286
73 7112.666086196899 142.73034391009108
74 10334.436166763306 154.46623305412308
75 75171.30491638184 299.1988208956613
76 73765.59192466736 295.42509417293894
77 842321.2249145508 926.5113850124116
78 118095.69099807739 363.8347216440002
79 2024.6843061447144 107.56078064612177
80 2679.2450065612793 119.89119072527969
81 46201.93264961243 249.04576862189253
82 4569.27552986145 127.86714934323261
83 6256.096326828003 133.66373866260125
84 15543.825328826904 191.78044076779594
85 176119.3440322876 436.33845096401126
86 23809.384605407715 198.20026053710814
87 3317.9380836486816 119.35311046649494
88 nan nan
89 654576.6637573242 819.3044914443761
90 11791.266313552856 159.46855331908125
91 4297.5467319488525 134.03381054905623
92 10825.73964881897 150.28613534761672
93 3518.845226287842 129.78519998588428
94 nan nan
95 27136.54767227173 204.02936993277712
96 10358.515325546265 148.8599529205088
97 4091.516297340393 134.4550882678242
98 4087.9301109313965 132.44907405266082
99 10765.383964538574 150.3871719368188
100 1758.9169330596924 99.88664878546491
101 18542.400276184082 179.04117558179442
102 20965.715785980225 219.60220790093578
103 24959.667671203613 196.71039643189195
104 2286.3518600463867 119.1949598501309
105 3904.237389564514 131.3248188789494
106 19748.232704162598 183.32489446233555
107 3654.7400093078613 123.04166962575904
108 7705.445930480957 150.48021517258084
109 5308.715930938721 131.70727648376902
110 1704.688175201416 101.74049666730242
111 50684.981590270996 257.7087601563834
112 2829.353765487671 111.38347332336892
113 42834.74579811096 239.70471648412828
114 1171432.713043213 1090.0701506832688
115 174261.33939361572 435.4267509166362
116 3904.273617744446 134.06847425545115
117 3405.258129119873 114.53602233353185
118 2171.8212299346924 100.37110005898501
119 31678.277828216553 215.28059520668924
120 43029.921546936035 242.09385916521677
121 55099.20382499695 261.6551334180053
122 151421.92309188843 409.887455096319
123 8786.02802848816 153.95158440126767
124 2519.3315620422363 120.86930443995423
125 3084.357524871826 111.08708783439509
126 nan nan
127 8262.258483886719 148.53780872672752
128 4828.9468450546265 139.54242385259394
129 4794.815317153931 138.06522646794
130 9294.174333572388 159.05934794062674
131 5243.163311004639 124.60602399858459
132 35354.83443260193 219.8234096463064
133 4187.844760894775 163.7840746654377
134 6786.278328895569 178.25144801681913
135 2199.617177963257 118.34878752538205
136 nan nan
137 21850.0889377594 185.99917208579603
138 36977.945331573486 223.87510472417156
139 7475.629625320435 139.01318041656629
140 117233.81252288818 366.91597151721123
141 4737.981954574585 127.73778306806695
142 2665.122833251953 126.60117407400496
143 2436.071451187134 109.01293655061396
144 2279.397523880005 114.62029157679675
145 11307.188177108765 152.68674439139042
146 34339.43081283569 224.234438948469
147 6155.197353363037 133.23085124859884
148 13881.276615142822 169.50225353712145
149 nan nan
150 7529.47571182251 141.0566937794352
151 25319.679775238037 195.3344281635697
152 40371.259647369385 238.89270466539196
153 4324.918962478638 121.68301212477566
154 82369.20036697388 308.935691277181
155 1747.9895782470703 103.98017195440661
156 2375.8085527420044 107.27768380215694
157 22090.649480819702 193.24044497853055
158 nan nan
159 11388.062599182129 153.7865791784992
160 24487.76615715027 195.58873986517818
161 5477.4534702301025 136.4543246748638
