STARNR FLUX FLUXERR
1 467656.5874633789 743.747021314282
2 28122.3939846009 238.96602037920374
3 27101.68629848957 236.1222900428982
4 15887.769035220146 205.4357660520404
5 nan nan
6 5933.2120579481125 169.86465492215055
7 9459.577001914382 191.92782297089363
8 37872.474843621254 262.2606782584757
9 12330.115127936006 211.91622367129548
10 13711.734069816768 204.9643391923975
11 27870.38986349106 240.00419295145105
12 2215.866291165352 145.67926596501127
13 298354.24993133545 594.4498311427176
14 14240.930841982365 208.003241293668
15 13631.428302824497 194.7838086223812
16 14038.87973035872 203.17088900969847
17 3646.5117423534393 154.10984709194648
18 6628.269180819392 178.37138545885855
19 62161.94632720947 308.3699978475691
20 51273.17081260681 288.378261883381
21 25908.460411965847 231.79839964372613
22 77815.64832401276 339.03397212666084
23 128686.2267074585 404.88032573931815
24 40271.0027012378 293.85316057074664
25 2537.762937732041 137.19762350976973
26 7000.256523683667 177.09573477849037
27 nan nan
28 13992.572860479355 194.5253119387379
29 3759.438311100006 147.7716007353467
30 34115.674511909485 251.84123587522
31 26895.596274137497 235.23743242185492
32 2872.1487125754356 142.29833511804756
33 12395.466750621796 196.31510438257223
34 31986.077151715755 244.5623647960949
35 2969.868265092373 144.3571084037918
36 nan nan
37 302724.9366531372 597.2766790997991
38 nan nan
39 3088.096589446068 148.96938818540207
40 4891.421325221658 171.22792514614406
41 14295.74389052391 206.36785425283875
42 9695.061523139477 189.9866382116769
43 4065.623337775469 156.9196563019928
44 4547.766856253147 166.5618121449651
45 182506.9136428833 471.38849600542835
46 4300.655230015516 166.68983094538368
47 18487.7102464661 214.3959220085619
48 6322.974491357803 171.20217191976258
49 71685.12437820435 328.0427530384491
50 44266.28840094805 275.2165200974867
51 23796.02681785822 233.58709255772314
52 1648213.2440185547 1500.0034873006337
53 6629.052933176979 171.85368640043467
54 48727.896663337946 290.52969450204426
55 50329.21457886696 282.73438484927624
56 8010.345911681652 184.24005162207294
57 1833729.3791503906 1617.7206023871042
58 8987.46463983506 191.41689702530672
59 148552.73308181763 432.69364482037906
60 nan nan
61 62960.5331120491 310.10777311746955
62 3474.485473692417 160.3509992567757
63 80973.82635498047 338.7929640884963
64 7115.318993419409 181.68660489948715
65 109536.36748504639 382.5181088617606
66 18504.413591839373 215.44740064163528
67 132869.9786529541 415.4758504007608
68 44429.49635219574 271.9121399234844
69 5437.904498517513 166.63842604876805
70 11789.163741350174 191.46924585147767
71 5681.624588295817 167.37113003462508
72 24451.11145555228 231.1489250050838
73 5837.79460605979 178.5822398617594
74 8115.45117340982 183.99786976949466
75 70502.74145638943 323.1355816700404
76 78261.37282085419 335.12144250343925
77 616745.6982269287 873.8002403386423
78 91347.14884567261 353.4877817721323
79 2040.7639061361551 124.93457730086847
80 2011.544136941433 125.76565581710084
81 42201.19875907898 271.03570521310695
82 4663.440699925646 165.89864090632398
83 4741.523894011974 170.1785111646927
84 24775.08344206214 277.18108882607345
85 188483.54043579102 479.822901464081
86 35006.0206117928 253.36787034906325
87 2271.620392754674 133.47178637516885
88 1703.3485261304304 122.27180751391437
89 216508.17589187622 510.07514845753326
90 11589.641561627388 198.01594964723742
91 9055.928742229939 180.38278911054624
92 8888.701078653336 183.76720625057033
93 8254.744493335485 179.52083362610188
94 nan nan
95 21510.63231897354 222.623261056713
96 8629.428933694959 179.7394561009568
97 21527.16422290448 219.99214279709184
98 7110.755883201957 178.74924461365194
99 9378.123010702431 186.4702974449916
100 nan nan
101 13896.834090054035 207.74931153551736
102 6758.170493558049 185.32405420214067
103 34575.52606678009 254.93255510184812
104 3657.8025983050466 178.6623133133743
105 4438.821448624134 171.60570447105434
106 14999.164733022451 200.5247858571154
107 10824.125205293298 189.2146779889316
108 5722.184131287038 160.75688045127885
109 3634.940022304654 151.13288080130596
110 7860.935938175768 186.09642708211646
111 38230.54291677475 261.80683635997616
112 2755.4140997326467 150.54196479205442
113 145605.5514602661 427.3448299482184
114 816735.3116149902 1001.1843492565638
115 205227.51411437988 496.94403140199734
116 2989.253898218274 150.50177310139918
117 3736.774831920862 147.31076883910015
118 6356.9483312517405 174.16130144290977
119 22809.17102688551 227.79268808125983
120 34524.69568002224 250.4703507532285
121 46498.44352436066 278.14299485874034
122 135962.35710144043 417.49596818816
123 6848.227311313152 173.46127005785183
124 2370.5236555188894 137.27179938180157
125 12591.659861080348 232.78884337391523
126 3904.89622069709 165.33127191755634
127 17737.94288611412 209.94670133422684
128 4517.181543707848 162.0433736593367
129 10083.241073459387 188.30483643757336
130 6040.70896473527 173.87434177562045
131 5248.834215134382 173.93704413279903
132 28951.390184402466 241.86052316323745
133 7992.342421084642 265.26417939364666
134 9812.688004642725 236.9938984017071
135 3469.3704898655415 154.8928612361269
136 3223.728353202343 167.71678963075775
137 19964.396532550454 220.817981037577
138 42760.331318855286 271.35578392869684
139 21982.647032141685 216.9458935695588
140 89875.20817375183 357.15190397564413
141 8832.27182406187 195.0492286164247
142 nan nan
143 2441.6545773744583 135.4482242438256
144 2979.539726257324 142.69904605838008
145 13911.081663519144 205.88727463040627
146 29210.08900883794 238.71277725292316
147 14015.476864546537 208.2093831508457
148 14506.314720630646 208.43552611187044
149 4041.0587144494057 161.43861020747997
150 10813.770051456988 195.11748971604473
151 24566.447958171368 232.52402098248325
152 59540.75751876831 301.9439655639008
153 3608.4062158712186 150.34956658481332
154 92935.30756568909 356.2741061008764
155 nan nan
156 nan nan
157 16902.812524557114 208.0021526518716
158 nan nan
159 11106.970743715763 192.52204796499728
160 25343.608505755663 231.39097400757197
161 4590.578673394397 162.09114835411543
