STARNR FLUX FLUXERR
1 434744.5813446045 682.7653703611186
2 33410.83772063255 223.33923214006768
3 29647.04557555914 215.64292987967931
4 20438.708073616028 193.46296897437475
5 nan nan
6 5336.243576176465 132.84705935358164
7 10946.256601333618 163.59613887642163
8 43864.122472405434 245.8689382685374
9 15413.058190792799 187.51998611743082
10 14345.130447208881 171.03602470481525
11 33248.19880819321 226.76022490776404
12 2293.8270097076893 114.37716899545359
13 383576.46827697754 642.2088525286094
14 10744.010453492403 162.4108584236255
15 17682.66527622938 186.31916706552553
16 17543.912977933884 180.9249875289915
17 4374.981429710984 148.5274983130294
18 8155.84856814146 148.2826347519558
19 66924.11469078064 290.9906258662657
20 60633.3691804409 280.81613700883617
21 32287.404416561127 222.7878938375332
22 101033.53400039673 350.4258068100739
23 158313.6095314026 422.75919401073406
24 32879.79376107454 239.60052623149673
25 3350.2927039042115 133.89336052089047
26 8968.275178074837 160.86970054831454
27 2012.8295634239912 106.91702058356428
28 15214.203573226929 179.4281341648935
29 4194.361405834556 132.057752459828
30 41085.34278213978 242.3129508442555
31 34144.06007373333 225.62535373311303
32 3452.8647163808346 126.60733171057312
33 15097.239751949906 175.2233918760474
34 39357.00667619705 238.27837767223716
35 3073.552178710699 126.43012086659297
36 nan nan
37 388350.1916809082 644.5844074906923
38 nan nan
39 3795.883409768343 130.30342822069915
40 5635.256437808275 133.0580219108349
41 16355.496516168118 179.89605776256116
42 6784.853151500225 147.26240606457984
43 3927.054378785193 130.57752704837213
44 4986.615635994822 136.25987412256933
45 201462.53520965576 469.9265488876824
46 5664.592242598534 140.81579033350974
47 23941.54881954193 202.30516980326027
48 5523.318779446185 140.1813394227751
49 83122.76347541809 322.0638623141246
50 55987.484506607056 272.5892038750139
51 29635.987097501755 218.75701950581802
52 nan nan
53 8192.200756192207 151.5433131329458
54 59364.441299796104 285.30646999709734
55 62442.78050041199 282.7792278263442
56 6644.9834110587835 149.37395984495004
57 nan nan
58 10880.49744463712 156.8140157274357
59 167114.04582977295 432.8819880371746
60 nan nan
61 74076.21843719482 304.84802559689825
62 3451.8934668898582 130.7632579026294
63 102436.69048881531 348.0438536164978
64 8625.193476244807 155.29485553933338
65 142222.77452087402 403.08676317191214
66 22987.239573955536 199.8727141268087
67 165723.1382408142 432.04621636458194
68 49901.784801483154 256.91032458592474
69 6740.05795969069 153.66043561161433
70 14833.93889003992 175.16891286167785
71 6704.370103657246 145.78981871777006
72 30671.37592637539 221.7447070981348
73 7212.753941684961 143.62363586574764
74 10132.900691330433 162.5371444739332
75 85541.1686668396 325.069522734131
76 89909.58732223511 329.9993120822094
77 799363.2039489746 934.0790966286232
78 116329.17344665527 365.5229165633244
79 2718.003662019968 127.01746188288028
80 2484.106004320085 111.13844456565708
81 51931.83965063095 263.1374225791936
82 5631.112168133259 144.61800821955612
83 5977.32487135008 140.50437195515727
84 25340.627006957307 232.89580404875926
85 219178.94537353516 489.63928982467763
86 37290.59297955036 230.78241678096637
87 3071.5685857087374 117.95562931484257
88 2327.801302447915 116.45762187669929
89 374768.1568145752 634.5412778541529
90 13762.582068800926 172.43409383298714
91 8542.357132822275 153.93004698837953
92 11331.27300710231 164.81915772017194
93 7589.883126348257 150.61705189862082
94 nan nan
95 27482.07941532135 208.66012765715774
96 10995.970221459866 161.85074024237392
97 10141.77701407671 155.51283331409797
98 6790.065026283264 147.84051384989294
99 11347.782032817602 163.45122572846822
100 1848.4475737810135 106.02367748469173
101 18230.989978417754 191.74112848998845
102 8372.847545862198 152.89337499423075
103 37980.02818584442 234.62301992598043
104 3637.8586619207636 168.50372711044068
105 4853.675265528262 138.00515928160905
106 20829.96554084122 194.4834555328889
107 8567.216080963612 153.39251857652323
108 7651.873488008976 150.8724157938526
109 5510.6860443158075 141.10674563152438
110 4603.644231442362 152.24193212120008
111 49320.09801197052 257.4809901507322
112 3519.7888835910708 124.889847645034
113 105057.12998962402 350.4610585171872
114 1090084.075805664 1090.6020430405308
115 227959.04637145996 499.82199666564304
116 3758.616994678974 131.07588831054676
117 4417.385676831007 127.48311847301771
118 5415.425565779209 138.0189199608187
119 30054.571986198425 216.90800245198415
120 44081.55950412154 245.72237088027902
121 58217.43399333954 274.13623398193704
122 168268.8701019287 434.14836191748975
123 9233.42277443409 154.77170061782545
124 3015.625308995135 127.99538624912232
125 7721.710965842009 177.52167471062634
126 4197.742473125458 131.44524586736796
127 16377.04480959475 176.47595491962898
128 5366.726038813591 135.5477762769478
129 9646.002156168222 157.2406662201044
130 7911.11445021769 152.0886075349865
131 6246.089053332806 141.32518186694162
132 36967.29024088383 233.34644023958316
133 6881.334533840418 215.86290130551424
134 9735.309145631269 198.07371000548486
135 3709.9966715313494 128.97441749330298
136 3696.8094253216987 158.73964841238745
137 24569.607766628265 198.916347250371
138 48653.267488479614 257.1425680594863
139 17989.532192111015 182.7311414806833
140 116192.39709854126 369.38088888518365
141 8698.016930446029 158.9059325448525
142 2668.5501575618982 136.75917318147177
143 2904.118693500757 126.3042360043946
144 3351.4500913619995 124.3154016369954
145 15203.498675763607 170.88768129097076
146 36107.20126771927 227.9178000896755
147 12575.207598825917 165.30680062577548
148 16615.490758650005 179.02202639039243
149 3699.5355925559998 128.69090505859302
150 11694.700848191977 162.49442971879446
151 29906.618299484253 215.11280661410416
152 62346.39435195923 281.79835218566427
153 4376.520619750023 130.78322947837376
154 107204.54001617432 354.51303511356207
155 1659.181659013033 94.16030626900256
156 2555.227717399597 120.64596906647874
157 21829.159364819527 194.89287987704944
158 nan nan
159 13127.298742383718 171.4395889338533
160 30065.28416609764 212.8683535691318
161 5885.711061641574 146.47484354406993
