STARNR FLUX FLUXERR
1 528527.035446167 752.8234011597542
2 30493.4352697134 226.12480277437177
3 29638.223021268845 221.38793114880858
4 17599.589479625225 193.784042950985
5 5240.262434154749 145.38910958854754
6 6433.389898881316 154.3247703472674
7 10227.212429493666 172.89247628870024
8 41359.646173000336 252.62978552164992
9 13602.158633172512 197.70640027381137
10 14417.048243522644 184.91577163119814
11 29865.197125911713 227.97096475802587
12 2217.602627068758 117.17177524707382
13 325590.41020965576 595.4465187329107
14 15277.575488258153 184.83585443087313
15 15340.518168240786 185.01473967111065
16 15099.581730008125 180.40851138435636
17 4193.815117863938 131.15270319431386
18 6994.512517847121 152.48066809020528
19 66989.73281288147 299.6847413255296
20 56211.00493335724 282.0687069623068
21 28878.25887107849 225.56180403917293
22 86814.59733581543 343.58889490906716
23 142309.35228347778 409.8939687999438
24 43939.275594711304 270.8588888731171
25 2539.9416620731354 123.37893648834124
26 7279.218723803759 156.64110843422128
27 nan nan
28 15482.158895865083 188.8345387491313
29 4054.581620881334 136.61760971589592
30 37807.01691699028 244.24994750788582
31 29479.526903152466 222.33319882565632
32 3383.0920174121857 130.69051258002693
33 13256.650237053633 178.2446337904669
34 34780.011776685715 235.85208283783052
35 3214.6819332093 127.5034495466741
36 nan nan
37 333170.638671875 601.4677175862906
38 3752541.907394409 2081.371501173497
39 3313.672373175621 128.91360780374404
40 4754.273531585932 136.3253327861441
41 15910.796696595848 193.082494390073
42 11112.713045068085 175.49352756748215
43 3930.745495416224 130.07809620166722
44 4837.759572267532 149.98470276714207
45 200739.06120300293 476.2421596252186
46 4760.679722663015 142.24695617422722
47 20381.367767691612 203.08061883693478
48 6694.3503677845 155.22399822199992
49 78773.8119468689 325.0651871317656
50 47983.65309333801 264.8679526067947
51 25564.990495681763 222.25856018745176
52 1815874.101135254 1407.2566404445195
53 6921.304591305554 152.33792577007765
54 53993.68985748291 285.5931861972889
55 55036.51369595528 278.61566536670534
56 9225.393535375595 168.76137889786077
57 2016926.5354614258 1485.096809103591
58 9538.990961045027 158.25986169156042
59 162640.3969039917 434.4180308679796
60 nan nan
61 68700.5134601593 303.7232894142179
62 3525.1316899955273 134.30860783762978
63 88865.36250305176 337.24958345403036
64 7743.476115047932 161.96873568034857
65 120014.79721069336 380.64009602994855
66 19862.679020106792 200.3620152160046
67 144234.94618988037 414.6432606836521
68 48265.255417108536 266.91324429000707
69 6362.810128070414 160.90212755521424
70 12643.766889333725 177.47925818236038
71 5704.54527887702 141.12413928814354
72 26564.71077989647 219.98277738955488
73 5985.173766374588 151.15627291499592
74 8535.286451458931 159.82129600525494
75 76311.43629074097 316.3881619299297
76 85275.32947206497 331.6008995320045
77 712231.1341198385 910.1958277171464
78 98437.81004333496 349.60697144774343
79 2686.4064005687833 134.2226049506883
80 2029.4672616645694 113.04938757897993
81 45763.499995946884 261.17130857560846
82 5434.934500545263 156.54183812657052
83 4972.077610962093 142.8189304765507
84 27412.456335633993 257.5402836519993
85 203657.70795440674 480.7794324699812
86 37894.98439502716 243.91008619948727
87 2648.3064389824867 128.7556250074898
88 2449.559828773141 123.64597438085407
89 234113.0043182373 511.2744467414219
90 12171.971521914005 174.0563262666426
91 9640.171411037445 164.86061737977872
92 9702.01567080617 169.02416505668032
93 8903.780103743076 162.5230526344933
94 nan nan
95 23546.78389441967 213.25388812940113
96 9408.691754826345 166.11877760417417
97 23692.165662050247 208.76035919983033
98 7245.90132393071 152.08368376948425
99 9313.936823546886 159.52274686474323
100 nan nan
101 15332.284669071436 192.48707029838567
102 7176.544079899788 156.57637997317133
103 37329.67443335056 244.91795100960977
104 3898.9024611776695 169.01113464422403
105 4302.13530183211 140.79899817565487
106 16487.48158660531 191.89718865446875
107 11802.445695340633 175.5576675961333
108 6965.622591137886 169.92429634140487
109 4191.786896042526 131.26010310933756
110 8651.308947145939 159.60815713635344
111 41870.85930919647 254.67159753123497
112 2944.300289839506 119.51352481041576
113 159302.82216262817 431.42597948917984
114 889953.0921936035 971.398936026707
115 224932.05293273926 502.72868774706575
116 2859.29124070704 135.69547698453349
117 3891.9901757147163 127.36688119696692
118 6346.143005862832 149.83293537657056
119 24771.640428483486 213.9926713419446
120 37282.55609512329 244.4523788757739
121 51028.31862258911 274.282967935732
122 148428.4603996277 419.96063191421655
123 7567.581160783768 152.58043780549173
124 nan nan
125 13571.392005268484 200.5490620201467
126 3941.1615030243993 132.84058770665138
127 19859.380738317966 206.20630492700846
128 5135.843529429287 152.92409312883743
129 10838.253946840763 170.77656982933385
130 6356.225355163217 153.1013721407068
131 5848.177466630936 157.4995763137205
132 31280.30597782135 229.79652709063086
133 8231.155995534355 236.1297697733553
134 10994.674027644098 222.3143849779574
135 3841.7847605273128 139.96565100408935
136 3625.640976311639 153.3899792209479
137 21692.09120560065 206.09785816647417
138 46763.2221788764 265.9077276362972
139 24612.624870061874 216.10215450556203
140 97537.28902816772 354.9343269745035
141 9148.387577034533 169.64748881735954
142 3059.202406093478 149.73932970143827
143 2340.430254712701 117.54233989412344
144 3100.752251982689 123.88792455171507
145 14599.644932195544 186.1812830998239
146 32173.128698170185 234.21193340986474
147 15442.974431097507 187.99291189507792
148 15164.571095943451 186.69234893192393
149 4653.127030022442 148.50579642854342
150 10849.455179661512 167.17605304069752
151 25762.853439450264 215.87064792330304
152 65022.85270881653 295.93808789622835
153 4008.9048671126366 140.86408790494298
154 101141.93845558167 355.4784712999358
155 nan nan
156 2140.65686258208 121.84675147133062
157 18462.478706359863 196.90547656361574
158 nan nan
159 12201.456729199737 182.0428350156017
160 28016.937626361847 223.19156309951805
161 4829.533791095018 140.5478129637094
