STARNR FLUX FLUXERR
1 472440.95446777344 714.5684471153152
2 35932.527488678694 240.3224949061622
3 31258.32439661026 224.7934482997637
4 21608.200958669186 204.61072277486016
5 5236.860408991575 147.22327635253737
6 6127.27661062777 149.80146292467427
7 11470.702711835504 174.00971528039142
8 46453.21205818653 260.8456670540533
9 16188.054495543242 202.78635843432176
10 15940.289335489273 188.7074364576072
11 35298.98409175873 235.0257847377116
12 2436.80370759964 127.277334009251
13 412627.0237121582 669.1453018229914
14 11022.159292891622 171.89708216633522
15 19180.32000078261 197.82380244310673
16 18916.827030315995 195.83005302549645
17 4119.2988775372505 134.2391320061612
18 9012.430489942431 167.34843453939342
19 71255.6434764862 304.3435264780078
20 65810.27216148376 295.9589995907908
21 34231.9289970845 237.10543951699498
22 109445.46515750885 369.2994360247266
23 170116.4493675232 441.1872830782864
24 35445.81694378704 256.04515473173217
25 2888.9991739094257 125.16083546214264
26 9311.565043270588 165.84566592009566
27 1911.2685796618462 111.77331391941821
28 15426.91708649695 183.7753310616627
29 4676.769475989044 145.15824316194147
30 43784.11547207832 252.4137053225192
31 36166.268095970154 240.10043520683428
32 3866.0137674733996 137.6870264849527
33 15720.50298711285 189.90319130753602
34 41963.255372047424 249.78348083912567
35 3213.9243730157614 129.9218801382572
36 nan nan
37 413446.89429473877 669.0670328356422
38 nan nan
39 3972.3130197227 136.08826314418368
40 6301.504598551663 155.3405726769162
41 17292.928223013878 194.31869782593765
42 7290.105035185814 157.35794767630713
43 4128.202183932066 140.30491857628078
44 5309.990356504917 143.4286229264325
45 218552.67934417725 493.58325346448487
46 5893.715496495366 147.88442901190527
47 25071.012458205223 213.94453486812642
48 6346.207802357152 164.27507371124346
49 88917.06315135956 339.22635060514574
50 60128.82565164566 286.23454095000716
51 31914.13435435295 233.54937904910736
52 2204012.2416992188 1619.2985246062544
53 8841.197505451739 162.93143544618752
54 63490.71390724182 297.28109332188495
55 67402.8633800745 297.89771400898627
56 6660.60541498661 156.1649319455026
57 2184919.2229003906 1608.8362049401337
58 12267.569615289569 179.743452947704
59 178555.16132354736 454.77586860752035
60 nan nan
61 79936.427526474 321.01832221674283
62 3576.997080231551 142.2911758496303
63 110093.82168579102 368.2074545259526
64 9476.633828312159 173.16022478493957
65 152706.0181159973 420.82920174462186
66 24197.962713718414 207.54478666172028
67 176736.831489563 449.38417378745635
68 53123.43601538241 273.7434925438101
69 6961.149941146374 158.09628131602145
70 15518.083712100983 182.2719886188852
71 6981.51384973526 152.8770294928097
72 32223.072084516287 230.57039227812422
73 8045.261805742979 162.78794765333237
74 10767.28982681036 171.76859157279983
75 90612.57777786255 337.7531141791224
76 96636.49779701233 348.8820884145761
77 855847.7911224365 978.9341728282014
78 124504.9288444519 383.8079546678054
79 2650.9871409693733 126.68310277277395
80 2864.8954640477896 127.23639955517893
81 55823.935356616974 276.99426423341856
82 5986.141060806811 157.4121097748581
83 6474.315473496914 153.33019534231
84 27421.785180322826 248.8125980456537
85 234970.63920211792 516.1126523027152
86 40565.6959150061 249.1935659511746
87 3447.6760743558407 131.14389600143446
88 2204.1490789353848 115.06017686113822
89 396394.69036865234 657.3174343404525
90 14390.831046462059 184.95096779658007
91 8840.780094519258 162.60484954996875
92 11985.907128119841 178.58497110251614
93 8206.893701970577 160.52838789259977
94 nan nan
95 29074.027782559395 221.25255334102772
96 11558.73754312098 174.65711174133085
97 10796.291222527623 173.85939915734784
98 6903.92809176445 148.76395903412669
99 11978.824476838112 177.16800709764908
100 1824.0838839933276 109.00322981082668
101 19526.41359180212 204.72450855944734
102 8590.664386108518 162.38645376638192
103 39967.89758014679 250.6592679842575
104 3754.173019513488 158.26690205109554
105 4814.845130741596 135.95136625579167
106 20844.143008068204 203.47791712209866
107 8939.904234990478 161.01432994782596
108 8049.086814209819 159.7563923018
109 5561.439425468445 148.73203195994
110 4539.713270395994 151.88181872975034
111 53123.71281337738 274.22725169335206
112 3349.0119379013777 131.97519312022655
113 112274.99499130249 368.0789789989151
114 1163813.5762023926 1133.0496838038557
115 243449.2310180664 520.9146295553525
116 3720.568853408098 130.87384522374003
117 4582.942542523146 140.66675310599277
118 5616.520578145981 153.21940113157237
119 32033.547463566065 228.51737080329386
120 46542.12013578415 258.88785058751546
121 62646.40069627762 290.9732636298392
122 179332.4022064209 451.1619903205608
123 9380.52773630619 165.01756734095898
124 2900.046643987298 126.17125141946329
125 9245.925120055676 210.94396740302395
126 nan nan
127 17522.821606874466 188.16556772204544
128 5897.594225093722 150.19823964455034
129 9839.004214406013 159.47025289543097
130 8433.3862888515 161.70931624903668
131 6284.846085250378 151.89959577917242
132 39520.4746825546 250.53820413514225
133 8256.59353576228 241.4158741792368
134 10641.663850903511 222.22478526587082
135 3580.048362135887 129.62861529672975
136 3941.925031542778 160.64359799785908
137 26076.51749777794 214.03138117786898
138 51943.715607881546 275.76038747055856
139 18971.19187504053 198.23425155374815
140 122705.4245967865 382.19346347251695
141 8962.068428182043 170.14805194592634
142 3245.424630433321 150.87828443439827
143 3230.5269026756287 137.61128381328058
144 3401.965358272195 131.4483951219609
145 16877.72363561392 195.18437326683178
146 38279.74517387152 242.32873485492627
147 13827.522067725658 182.19005485300593
148 17902.18211634457 199.14745765957684
149 3810.848175406456 133.45233169067973
150 12471.706521421671 177.9623788230737
151 31570.41285955906 231.730785902542
152 66604.00282526016 296.1804634090716
153 4763.508526168764 146.79408826228283
154 115949.13011169434 377.5650833917979
155 2056.2967466302216 118.91101237922108
156 2608.627921193838 125.16934031252406
157 23341.70594111085 207.3142386022284
158 nan nan
159 13810.758914411068 184.68912173106193
160 31941.934317350388 225.01140997884198
161 6503.779675222933 154.20016178859828
