STARNR FLUX FLUXERR
1 480706.78872680664 725.0920136249304
2 35964.458806455135 242.00573386343208
3 31851.04413086176 231.06440083199348
4 22145.558933883905 209.4110944284628
5 nan nan
6 6276.395773336291 161.71260312989637
7 11496.075383409858 179.5295227552016
8 47327.58502960205 268.0748993702381
9 17102.92614531517 214.08926073745585
10 15272.019812688231 185.84136533385896
11 35726.26425778866 242.21683858649553
12 2380.4074362516403 119.5147854903554
13 412880.5983886719 672.4781313946049
14 11141.606353014708 178.72236795326916
15 19220.942065820796 203.38182321836186
16 18677.231595098972 200.29373350506123
17 4424.803161948919 148.69759085473098
18 9284.950546331704 168.61000470561825
19 71723.54560470581 308.8679389223699
20 65310.19014787674 296.9395735051418
21 35157.12780714035 242.2649410273822
22 109944.20877838135 380.63589364734753
23 170728.83017730713 444.59538124489325
24 36597.94067430496 264.9833577094533
25 3144.273733392358 133.9973555916011
26 9451.712239697576 166.24732771712
27 2153.3638203516603 120.14478443142765
28 16020.769849579781 192.02744039507755
29 4491.700960043818 141.64287613911938
30 43871.672315359116 259.52004868635106
31 36419.942010462284 243.3069150544844
32 3737.67414310202 145.26473034015635
33 15771.834752649069 190.3389744476591
34 42718.963265419006 254.90924526193106
35 3221.995135061443 133.26526332559706
36 nan nan
37 414316.02935028076 673.5562531697572
38 nan nan
39 4214.009496003389 146.64515905184135
40 5975.537777811289 157.43178178156083
41 17500.599875241518 195.77449034448057
42 7378.541039735079 161.64395167383137
43 4518.829042896628 153.93874319908826
44 5276.912259567529 158.41278538304584
45 219000.6251449585 497.54519722519717
46 5560.4615165144205 145.68785623435673
47 25004.078546643257 215.10908847550627
48 5914.336107805371 157.737856196494
49 90759.18733882904 342.0842268999876
50 60089.06136083603 290.19013711954017
51 32346.085713118315 238.43546026514812
52 2198544.051086426 1622.505825922165
53 8724.942100893706 169.70878359126655
54 63365.62289643288 301.7678816711019
55 68015.82260012627 303.01904940761403
56 6881.407834672369 158.25115973603573
57 2182445.5877075195 1613.658453481463
58 12189.897508263588 181.18687305690676
59 179265.84539031982 454.77065848831916
60 nan nan
61 78901.34779548645 321.99029266936486
62 3367.8958760704845 132.78481013049498
63 109006.7995262146 364.7559330374698
64 9952.356146216393 181.38464638988575
65 152662.7456550598 422.9680418021985
66 24800.483000963926 217.2881344599267
67 177780.20068359375 452.4642435857587
68 54021.14690876007 278.39090916600423
69 7142.367384716868 160.3576729766016
70 15639.319221377373 187.5573892682024
71 7423.955793302506 164.07663743496613
72 33187.91876542568 237.9128027268709
73 7271.053287982941 157.62338384273193
74 11100.633192151785 178.80138071709035
75 91403.2658777237 340.9156606418931
76 97917.05298614502 352.0742829252467
77 878006.5818163455 1008.1425506142516
78 125395.9877243042 388.3576582814476
79 2896.401750922203 133.50347292951116
80 3137.603865042329 137.6586068097763
81 55035.73827701807 278.7125427259748
82 6180.16664493829 162.82502665004807
83 6476.784157052636 157.3625427599961
84 28005.15425747633 251.67072827764804
85 235853.02754211426 516.3507066532906
86 40938.06268119812 254.04030062638918
87 3540.7980337813497 145.02606732429948
88 2422.01987169683 125.38158608630137
89 398218.62297058105 661.0899029418983
90 14742.992597594857 187.52768360491498
91 8473.938726007938 162.06834521714393
92 11891.352371782064 180.1170196989093
93 8078.82424749434 166.0828659324111
94 nan nan
95 29905.994558408856 230.48459181517748
96 11775.989576041698 176.800314921966
97 10890.873620986938 174.84813581459585
98 7379.5618860451505 162.6450772862994
99 11745.854409396648 177.36137969055525
100 2373.3310961425304 130.92069487968018
101 19432.820290848613 202.07678436469342
102 8893.036210633814 172.24241045660008
103 40743.99642300606 252.21214568427123
104 4094.9298213645816 170.92962525690598
105 5155.0102651417255 148.69683800871175
106 21215.548301428556 213.70024036542114
107 9789.663278337568 179.63757619985577
108 7784.64259458147 161.93839081401788
109 5952.153587765992 159.17393924149388
110 4828.908075488638 163.64600726465815
111 53352.980473160744 277.5157442317621
112 3517.111022621393 130.24945730143884
113 112779.65563964844 370.26116683368116
114 1164858.9491271973 1142.380407091629
115 246299.40591049194 524.6595020669414
116 3916.9620132148266 145.91831297120925
117 nan nan
118 6093.365199923515 163.16295690219002
119 31863.735751628876 230.53686501706613
120 47218.13251924515 268.18925310147307
121 62852.23926305771 293.8361270690227
122 178983.25578308105 455.1245393779533
123 9651.611603826284 174.6105182516404
124 nan nan
125 9643.596901088953 219.402022477098
126 nan nan
127 17333.76048114896 195.2279365958623
128 6224.280864764005 160.57138753239815
129 10240.295213356614 173.44093256122534
130 8449.179397056461 165.1140929438177
131 6555.344661846757 153.5830645394142
132 39418.45131933689 252.81477629175512
133 7890.941306293011 224.0376925601652
134 10619.156602300704 217.38095674255618
135 3546.715293556452 137.376448896992
136 3786.1556467041373 162.66005927617275
137 26597.050957063213 218.9238589755524
138 52761.16715121269 276.44480484434365
139 18441.002224564552 194.2825538919157
140 122608.45936012268 386.05453285863416
141 9169.97961206967 168.20298355032807
142 nan nan
143 3068.405427839607 135.91347081870802
144 3547.3845578432083 137.47579978908624
145 16586.25390970707 191.87714214309622
146 38991.97209274769 249.37850155774169
147 13790.381306886673 186.5797209748496
148 17526.658164441586 195.43724266452517
149 3763.9171663224697 141.9827435176089
150 12743.936534024775 184.6354293201982
151 32202.5327167809 235.03555035445154
152 68125.02258396149 302.1381044335451
153 5102.925859026611 153.00410346219323
154 114192.6937789917 373.4102193430036
155 1980.9803100079298 114.21474906290963
156 2569.3380507677794 129.06848293227122
157 23433.291192293167 212.96104889881505
158 nan nan
159 13832.131231889129 187.57788757029564
160 32520.6509257555 233.1799800890266
161 6137.726204127073 155.0419176088206
