STARNR FLUX FLUXERR
1 196448.6563949585 456.3612635730761
2 25034.276695013046 189.94993519973954
3 17469.557507783175 171.57360612674648
4 18462.724843919277 177.32804975071923
5 2309.5710173100233 101.66530630942162
6 2324.1672055870295 105.17156856335237
7 9375.450344029814 141.88668568081476
8 34403.18757581711 214.20134151405517
9 13061.023564651608 161.2953044560287
10 9646.43120867014 141.97839430190555
11 28076.81016111374 202.9948959648512
12 1831.3497673273087 97.70315420472737
13 368823.8537750244 629.907662966673
14 3773.5426548719406 111.87361004354881
15 15865.770778179169 163.35854209421214
16 15138.33373555541 162.22478015195188
17 1901.425271127373 90.12590582996857
18 7954.835974037647 141.01222990307886
19 39382.188042640686 229.19320404469553
20 45997.46452999115 245.05714509888028
21 26695.65647339821 193.15078106988145
22 91694.36967277527 330.0910092367971
23 123998.49124908447 367.4410225079223
24 12276.008170098066 163.81884958244464
25 2591.7260070443153 113.25955557351855
26 7360.85416547209 131.21494630195954
27 2006.382201641798 98.83713883980093
28 8476.343765046448 135.50852818414168
29 3253.6950603201985 122.7110935870056
30 31985.84300136566 208.5661388853684
31 29498.687450885773 203.54055232117503
32 2386.0959838032722 100.65056297724678
33 11129.331516742706 147.26524397175922
34 32145.394551753998 212.6643330716061
35 2053.837295949459 100.57777139940221
36 2036.478236116469 111.87212326357705
37 360978.21940612793 625.4724977394824
38 3267724.8257141113 1933.7087288652342
39 2967.9783668369055 110.5818641141461
40 4800.404813885689 125.0595380212135
41 10952.443792700768 147.65117059922449
42 2567.7218951284885 110.11669634235533
43 1638.222335845232 91.84431871132324
44 3869.8013107925653 121.6204369875976
45 142382.38512802124 400.4562819642719
46 5120.061326879077 127.65647434322297
47 19869.678701639175 182.35953973366065
48 2275.380395486951 108.00386157019899
49 58034.26275348663 266.50666150898013
50 50584.32997608185 251.4517813961746
51 27646.651575237513 211.3759383367446
52 1618730.0681152344 1315.1744869142929
53 6744.5765977134 125.63695744784538
54 46901.25961315632 255.9905478252404
55 52399.876625061035 258.74362207190853
56 2382.9876016527414 105.48085853525266
57 1290666.3078613281 1226.0450938458807
58 9446.202672593296 151.99408223528275
59 101901.52674102783 340.38453200908305
60 10141.75895690918 103.63231549364896
61 57418.53314447403 267.6405455534447
62 1621.6160740107298 95.34609587367514
63 88711.34678268433 318.7924756041633
64 8362.223257184029 141.1221744197047
65 135837.44494628906 391.172862385943
66 20019.400989055634 185.97628446356686
67 147691.0713005066 414.3512598109942
68 33961.88689017296 213.91357282722728
69 5292.298238542862 131.7260542793531
70 12851.567421376705 157.0157648663501
71 5255.876274615526 125.19809251861744
72 27278.343030512333 199.9437256225674
73 6721.59051464498 134.20430905833172
74 8851.533582255244 143.09770976592424
75 69862.27982330322 288.77196797617074
76 68586.5084323883 284.9803540067276
77 786986.554107666 928.9828911100019
78 109976.71202087402 350.3426555684163
79 2101.806545034051 105.11522815115809
80 2490.089124724269 112.60889645693531
81 43439.013456344604 243.90299142814976
82 4266.21360604465 116.16616370932795
83 5635.1495015621185 125.30541702763095
84 14276.372732393444 183.48150003086596
85 163542.92933654785 415.1583126110199
86 22512.27597029507 186.17897539193496
87 2847.4973721429706 110.3445572997762
88 1412.817985355854 88.8243733361146
89 611177.4992675781 827.1423170892217
90 10923.643122978508 144.49555192852867
91 4009.3382961526513 122.49920825313134
92 10146.873795956373 143.1862432990005
93 3304.768132597208 113.7680034098055
94 1424.3686979860067 93.20338907260368
95 25388.816427230835 197.59781225669067
96 9654.870948307216 142.7151297554271
97 3773.8554835021496 118.68154603026346
98 3742.454627096653 126.01367437244743
99 9986.243607074022 144.55554704978059
100 1528.13407766819 89.4573060397072
101 17559.800989091396 173.1114994004454
102 7278.937360756099 136.3194239981665
103 22911.24659359455 184.53457059270886
104 2323.8280304074287 119.96426239324941
105 3559.5657978467643 119.5242085376188
106 17869.983552873135 173.0712601196592
107 3532.327448248863 118.38140795401965
108 6846.856320947409 139.1792594070125
109 4816.291197197745 124.65914358977399
110 1490.4549700319767 91.56544811723423
111 46714.73686361313 246.97197230777184
112 2749.916020411998 106.67468050615426
113 39259.361243247986 226.48870277441222
114 1088505.2923583984 1078.1909082832176
115 163275.1499633789 423.369634008064
116 3303.593297690153 113.41085164459331
117 3278.4322116971016 111.82931387017372
118 2360.3706024736166 111.09648068448115
119 29521.419934630394 205.23227976646874
120 40558.1715927124 232.03061413199384
121 51186.08492422104 250.62373513832455
122 141168.90951919556 407.57803488743735
123 8247.708259291947 145.2500065394809
124 2160.1509030908346 107.74642510026588
125 3099.541485220194 121.43998078832361
126 3055.354333532974 122.71191039039428
127 7729.944409780204 138.80659303974457
128 4412.251497223973 123.1455230493863
129 4415.548810072243 124.79577543004228
130 8007.839027139824 141.9164100475907
131 5146.243233419955 129.55132905432197
132 33425.79611444473 212.78925830002785
133 3928.5873499028385 154.0053298448985
134 6092.6551723480225 167.31091753582152
135 1882.1131583750248 97.57451638237013
136 1869.344040511176 109.48073136614639
137 20254.290887355804 176.7742302242454
138 34885.37070322037 215.23495838453152
139 6644.928650259972 128.489031772592
140 109684.39840698242 366.2778572919343
141 4441.020215900615 123.20353262282957
142 2719.8282374246046 124.75676285448291
143 2611.9422040618956 110.94347251611113
144 1877.4930288940668 97.94392713772089
145 10830.257436990738 149.27638178875662
146 31560.519072055817 210.85546339490813
147 5860.962467819452 126.89743242063628
148 12781.641182303429 148.79412423294812
149 1486.4911234080791 91.99129150472625
150 7152.976515084505 132.7059076795168
151 24216.025405704975 192.26017910879847
152 37070.41712856293 227.07236448155172
153 3975.0012278184295 119.62225598543391
154 77584.82724952698 298.6826720022143
155 1955.6108542382717 101.7847103365765
156 2171.948216855526 106.33650861282236
157 20704.393143117428 182.32745655684923
158 4143.989151000977 71.43404248565444
159 10574.544228158891 148.26306380404395
160 22679.016679286957 182.3531340680921
161 5349.1663270667195 124.7713511357455
