STARNR FLUX FLUXERR
1 465482.8865966797 701.3992255457597
2 34011.30667746067 222.8283245614607
3 30343.499986231327 218.28283834132097
4 20471.601498126984 190.56634069208798
5 nan nan
6 5593.40182062611 138.63690907651028
7 11339.891917064786 162.07018652833136
8 44507.1055059433 244.88194868696348
9 15507.507126674056 187.6060003715959
10 15146.592556715012 172.52135162896013
11 33903.66292476654 225.0338766747023
12 2312.2109248936176 114.85466054146738
13 391864.34648132324 648.6088800491128
14 10248.527672827244 159.01063346094153
15 18070.77276724577 182.71993898644573
16 18026.48672938347 182.5116151849772
17 4342.844238996506 127.36680074999362
18 8687.57023230195 156.5396118245808
19 68073.6923751831 292.8506356824945
20 62627.3975353241 285.6034715014066
21 32783.77670800686 220.1012345005132
22 102751.06224250793 351.79390114533913
23 162160.86360168457 424.9004741864466
24 33426.91564434767 240.66599665977367
25 3236.8288825619966 122.26529409150508
26 9254.63836203888 154.4600453240302
27 2022.0749779641628 110.56748375838461
28 15248.43711680919 172.6338711281577
29 4307.089085310698 134.45430155122386
30 41832.12753427029 242.5903799207931
31 34205.837418079376 225.85132922815296
32 3942.6648828983307 135.9462378208265
33 14911.768032073975 172.53846833686183
34 40000.80155658722 238.35669433526726
35 3116.1515494287014 113.44865166782098
36 nan nan
37 391509.75857543945 645.7706032780568
38 nan nan
39 3723.1569920927286 129.09511466264223
40 6131.628530800343 145.1961896695911
41 16592.688135683537 179.23160331950112
42 6770.879048556089 149.67696656693278
43 3753.489768417552 117.90807282277065
44 4778.126569777727 141.00139995989193
45 205741.65236663818 475.44684145643805
46 5700.039024651051 134.53999057425528
47 24041.331735610962 201.38204485305232
48 5560.818343684077 135.0823427917448
49 85199.13816070557 321.8766138365944
50 56925.447078704834 270.349868812762
51 30363.907517582178 221.91561301317046
52 2088586.529663086 1489.8022128124194
53 8205.754959106445 145.55245262184144
54 60891.22328853607 287.50957971949555
55 64452.93700218201 286.56490864880243
56 6403.060732319951 145.02661025441077
57 2060151.2080078125 1491.4460117596118
58 11416.020703405142 160.8682205680566
59 168861.6317138672 432.07786746612834
60 nan nan
61 75372.88452339172 304.05968257151545
62 2999.97433109954 114.90729546090787
63 103945.81785964966 347.9654473876445
64 8749.429784357548 150.0240708428997
65 143665.9125328064 402.8988112260972
66 22938.747413128614 199.63086895804062
67 167618.31269454956 435.2338170215246
68 51412.850487709045 261.00290916546214
69 6820.6687233466655 150.02753948445522
70 14944.131150126457 173.83928800181653
71 6988.562715142965 146.13329467204434
72 31447.748594284058 218.19398956132702
73 7494.254953056574 152.77892395483536
74 10192.11624789238 153.60459033047567
75 86404.82582473755 320.73137418642443
76 91787.16045761108 329.7517332620019
77 835185.8706597686 955.2279642613956
78 119023.26513290405 370.29553735955733
79 2896.250478963775 127.30411028103453
80 2751.147869683802 116.44080584384481
81 52940.87471199036 266.33748614240955
82 6035.731742113829 146.1864068168614
83 5760.195073202252 140.66024693910404
84 26248.023341242224 233.973888065155
85 222717.36936187744 489.77057868130595
86 37873.99285650253 231.06729385979102
87 3171.3024969697 122.42782250754111
88 2265.4418692290783 112.73531108845594
89 375809.5913543701 635.5312357623649
90 13807.910769581795 169.36147936243796
91 8511.491625502706 154.4111002731774
92 11480.827375590801 157.99240591413906
93 7798.29630599916 146.7603848631692
94 nan nan
95 27909.071726739407 209.91173622284524
96 11352.671975374222 158.25298382445516
97 10272.113444361836 160.7681454729634
98 6693.403242945671 143.13591434892035
99 11185.89525449276 155.2581195028776
100 nan nan
101 18701.502114593983 187.88277944573807
102 8341.270388521254 151.7864883269761
103 38346.69075572491 232.42950171310346
104 3513.001709152013 158.16319830374087
105 4600.222650110722 132.76327163821153
106 20014.546313405037 187.11083215197874
107 8648.092521190643 153.24025250996831
108 7980.890361607075 157.57031535672007
109 5610.962529063225 145.74116497187197
110 4495.913751512766 141.1524338255991
111 50547.676836013794 261.61660748766406
112 3362.3549615442753 120.53154939946124
113 107082.0633392334 352.6462718520465
114 1105085.3671875 1074.3902786917172
115 232498.16027069092 502.96779834364577
116 3496.12254226394 117.59084882358313
117 4508.296163257211 128.2846610244202
118 5363.559537395835 132.5194564929321
119 30469.30734395981 214.79245511590773
120 44984.13060808182 248.16353120823518
121 59181.42339515686 274.5104910091275
122 170643.9764213562 439.97069047930336
123 8983.123216740787 151.35746725342486
124 nan nan
125 7389.920159366215 183.0439501031721
126 nan nan
127 16610.756746672094 179.72290543680697
128 5633.019005179405 135.2725283322032
129 9780.255942679942 159.25259172136165
130 8001.453537411988 153.2942102581883
131 6149.41463136673 135.85910266851118
132 37103.683829545975 229.080857357088
133 8002.166625346057 220.99052781739258
134 10036.626439560205 192.74283237217193
135 3619.654840156436 131.4268317071911
136 3734.062236055732 147.515483780575
137 24858.507860064507 198.84077353784954
138 49484.53019618988 254.79806244860552
139 17826.797285288572 180.06052881424412
140 117700.01515579224 374.3154666290711
141 8791.173886880279 150.1359380061331
142 2891.9627840071917 143.2509847344177
143 2565.276591192931 109.6287331722979
144 3418.5888772109756 124.20538926157211
145 16002.354822725058 178.0443578805796
146 36829.47106552124 231.0473735502373
147 13020.538934350014 162.24828084966532
148 16803.05511802435 175.08200022380416
149 3680.359913341701 129.68674298536587
150 11834.549400143325 163.2685152919335
151 30534.3974776268 214.21841349168386
152 64123.76209068298 286.49415091091225
153 4406.274266317487 128.34509529279947
154 109106.98694419861 353.70169738327735
155 1818.4403788894415 109.62918604793485
156 2615.279132127762 112.52367572458597
157 22320.45761346817 197.38410807897213
158 nan nan
159 13452.352341495454 168.35136287308632
160 30848.201492890716 212.53915942035098
161 5912.574384331703 135.5255815632482
